0
0.006239968
0.013824238
0.019843499
0.025862761
0.032985554
0.039686998
0.04570626
0.051725522
0.059530498
0.065549759
0.072211075
0.079373997
0.085393258
0.09141252
0.098956661
0.105236758
0.111256019
0.117275281
0.123916533
0.131099518
0.13711878
0.143138042
0.150662119
0.156962279
0.162981541
0.169000803
0.175020064
0.181861958
0.188844302
0.194863563
0.200882825
0.206902087
0.212921348
0.219301766
0.226745586
0.232764848
0.238784109
0.244803371
0.250822632
0.256841894
0.262861156
0.268880417
0.274899679
0.280918941
0.286938202
0.292957464
0.298976726
0.304995987
0.311015249
0.316713483
0.321268058
0.327287319
0.333306581
0.339325843
0.345345104
0.349719101
0.355597913
0.361617175
0.367114767
0.371869984
0.377889246
0.382724719
0.388142055
0.392536116
0.398394864
0.404133226
0.408647673
0.413944623
0.417957464
0.423134029
0.42776886
0.433386838
0.437580257
0.441593098
0.44608748
0.451404494
0.455417335
0.459430177
0.463443018
0.467455859
0.4714687
0.475481541
0.479494382
0.483507223
0.487520064
0.49040931
0.493760032
0.497772873
0.5
