0
0.007720588
0.016789216
0.024142157
0.031495098
0.040686275
0.048284314
0.055637255
0.063848039
0.072426471
0.079779412
0.087132353
0.094730392
0.103921569
0.11127451
0.118627451
0.127696078
0.135416667
0.142769608
0.150857843
0.159558824
0.166911765
0.174264706
0.181740196
0.191053922
0.198406863
0.205759804
0.214705882
0.22254902
0.229901961
0.237254902
0.245588235
0.254044118
0.261397059
0.26875
0.276102941
0.284191176
0.292892157
0.300245098
0.307598039
0.31495098
0.322303922
0.330514706
0.339093137
0.346446078
0.35379902
0.361151961
0.368504902
0.375857843
0.383210784
0.390563725
0.397916667
0.405269608
0.412622549
0.41997549
0.427328431
0.434681373
0.442034314
0.449387255
0.456740196
0.464093137
0.471446078
0.47879902
0.486151961
0.493504902
0.499877451
0.506127451
0.513480392
0.520833333
0.527818627
0.533455882
0.540808824
0.546691176
0.553431373
0.560661765
0.566053922
0.57254902
0.578676471
0.584436275
0.59129902
0.596323529
0.601838235
0.608210784
0.613112745
0.618014706
0.622916667
