0
0.006451613
0.012903226
0.019354839
0.025806452
0.032258065
0.038709677
0.04516129
0.051569892
0.057935484
0.064301075
0.070752688
0.077204301
0.083612903
0.089978495
0.096344086
0.102709677
0.109075269
0.11544086
0.121806452
0.128172043
0.134451613
0.140731183
0.147010753
0.153290323
0.159569892
0.165849462
0.172129032
0.178365591
0.18455914
0.190752688
0.196860215
0.202967742
0.209075269
0.215182796
0.221290323
0.227311828
0.233333333
0.239311828
0.245247312
0.251182796
0.25711828
0.263053763
0.268903226
0.274666667
0.280430108
0.286193548
0.291956989
0.297677419
0.303354839
0.309032258
0.314623656
0.320215054
0.32572043
0.331139785
0.33655914
0.341978495
0.347397849
0.352731183
0.357978495
0.363225806
0.368387097
0.373548387
0.378623656
0.383612903
0.388602151
0.393505376
0.398408602
0.403225806
0.407956989
0.412688172
0.417247312
0.421806452
0.42627957
0.430666667
0.435053763
0.439354839
0.443655914
0.447827957
0.451870968
0.455913978
0.459784946
0.463655914
0.467397849
0.471010753
0.474623656
0.478064516
0.481505376
0.484860215
0.488129032
0.491397849
0.494322581
0.497247312
0.500086022
0.50283871
0.505591398
