0
0.007577312
0.015153979
0.02272836
0.030300159
0.037868672
0.045431363
0.052991055
0.060540365
0.068086779
0.075619869
0.083147247
0.090662486
0.098166417
0.105660714
0.113136703
0.120606911
0.128050365
0.135487157
0.142899486
0.15029756
0.15767595
0.165030411
0.172371413
0.179677215
0.186973719
0.194229208
0.201470193
0.208677335
0.215857315
0.223012221
0.230125496
0.237224144
0.244264784
0.251291352
0.258264828
0.265210611
0.272114855
0.278973287
0.285803639
0.292567849
0.299314435
0.305982262
0.312625159
0.319203949
0.325735481
0.332219755
0.338631867
0.345015917
0.351300156
0.357560041
0.363725512
0.369845808
0.375892396
0.381863591
0.387784522
0.39359662
0.399379222
0.405027324
0.410636995
0.416137291
0.421562783
0.426907238
0.432136743
0.437316982
0.442338116
0.44731993
0.452145201
0.456901545
0.461535349
0.466052416
0.47048495
0.474748345
0.478965017
0.482964204
0.486907533
0.490673977
0.494328242
0.49785082
0.501199828
0.504467157
0.507494321
0.510461366
0.51318324
0.515806362
0.518237791
